#FORMAT=WebAnno TSV 3.2
#T_SP=webanno.custom.Referent|entity|infstat
#T_RL=webanno.custom.Coref|type|BT_webanno.custom.Referent


#Text=Scientology defector arrested after attempting to leave organization
1-1	_	Scientology	abstract[1]	new[1]	coref	3-6[1_2]
1-2	_	defector	abstract[1]	new[1]	_	_
1-3	_	arrested	_	_	_	_
1-4	_	after	_	_	_	_
1-5	_	attempting	_	_	_	_
1-6	_	to	_	_	_	_
1-7	_	leave	_	_	_	_
1-8	_	organization	abstract[45]	new[45]	coref	3-29[45_46]

#Text=Saturday , October 9 , 2010
2-1	_	Saturday	_	_	_	_
2-2	_	,	_	_	_	_
2-3	_	October	_	_	_	_
2-4	_	9	_	_	_	_
2-5	_	,	_	_	_	_
2-6	_	2010	_	_	_	_

#Text=Recent reports have revealed that a defector from the elite group within Scientology called the Sea Org was first persuaded to travel back to a management building for the organization in California , where he was interrogated by an attorney for Scientology and then arrested .
3-1	_	Recent	_	_	_	_
3-2	_	reports	_	_	_	_
3-3	_	have	_	_	_	_
3-4	_	revealed	_	_	_	_
3-5	_	that	_	_	_	_
3-6	_	a	abstract[2]	new[2]	coref	3-35[2_3]
3-7	_	defector	abstract[2]	new[2]	_	_
3-8	_	from	abstract[2]	new[2]	_	_
3-9	_	the	abstract[2]	new[2]	_	_
3-10	_	elite	abstract[2]	new[2]	_	_
3-11	_	group	abstract[2]	new[2]	_	_
3-12	_	within	abstract[2]	new[2]	_	_
3-13	_	Scientology	abstract[2]	new[2]	_	_
3-14	_	called	_	_	_	_
3-15	_	the	abstract[66]	new[66]	coref	4-10[66_67]
3-16	_	Sea	abstract[66]	new[66]	_	_
3-17	_	Org	abstract[66]	new[66]	_	_
3-18	_	was	_	_	_	_
3-19	_	first	_	_	_	_
3-20	_	persuaded	_	_	_	_
3-21	_	to	_	_	_	_
3-22	_	travel	_	_	_	_
3-23	_	back	_	_	_	_
3-24	_	to	_	_	_	_
3-25	_	a	_	_	_	_
3-26	_	management	_	_	_	_
3-27	_	building	_	_	_	_
3-28	_	for	_	_	_	_
3-29	_	the	abstract[46]	new[46]	coref	3-42[46_47]
3-30	_	organization	abstract[46]	new[46]	_	_
3-31	_	in	_	_	_	_
3-32	_	California	_	_	_	_
3-33	_	,	_	_	_	_
3-34	_	where	_	_	_	_
3-35	_	he	abstract[3]	new[3]	coref	4-1[3_4]
3-36	_	was	_	_	_	_
3-37	_	interrogated	_	_	_	_
3-38	_	by	_	_	_	_
3-39	_	an	_	_	_	_
3-40	_	attorney	_	_	_	_
3-41	_	for	_	_	_	_
3-42	_	Scientology	abstract[47]	new[47]	coref	4-14[47_48]
3-43	_	and	_	_	_	_
3-44	_	then	_	_	_	_
3-45	_	arrested	_	_	_	_
3-46	_	.	_	_	_	_

#Text=Daniel Montalvo in September 2010 , after having left the elite group within Scientology called the Sea Org .
4-1	_	Daniel	abstract[4]	new[4]	coref	5-1[4_5]
4-2	_	Montalvo	abstract[4]	new[4]	_	_
4-3	_	in	abstract[4]	new[4]	_	_
4-4	_	September	abstract[4]	new[4]	_	_
4-5	_	2010	abstract[4]	new[4]	_	_
4-6	_	,	abstract[4]	new[4]	_	_
4-7	_	after	abstract[4]	new[4]	_	_
4-8	_	having	abstract[4]	new[4]	_	_
4-9	_	left	abstract[4]	new[4]	_	_
4-10	_	the	abstract[4]|abstract[67]	new[4]|new[67]	coref	7-18[67_68]
4-11	_	elite	abstract[4]|abstract[67]	new[4]|new[67]	_	_
4-12	_	group	abstract[4]|abstract[67]	new[4]|new[67]	_	_
4-13	_	within	abstract[4]|abstract[67]	new[4]|new[67]	_	_
4-14	_	Scientology	abstract[4]|abstract[48]|abstract[67]	new[4]|new[48]|new[67]	coref	5-14[48_49]
4-15	_	called	abstract[4]|abstract[67]	new[4]|new[67]	_	_
4-16	_	the	abstract[4]|abstract[67]	new[4]|new[67]	_	_
4-17	_	Sea	abstract[4]|abstract[67]	new[4]|new[67]	_	_
4-18	_	Org	abstract[4]|abstract[67]	new[4]|new[67]	_	_
4-19	_	.	_	_	_	_

#Text=Montalvo is holding a copy of the book Blown for Good critical of Scientology , written by Marc Headley .
5-1	_	Montalvo	abstract[5]	new[5]	coref	7-1[5_6]
5-2	_	is	_	_	_	_
5-3	_	holding	_	_	_	_
5-4	_	a	_	_	_	_
5-5	_	copy	_	_	_	_
5-6	_	of	_	_	_	_
5-7	_	the	_	_	_	_
5-8	_	book	_	_	_	_
5-9	_	Blown	_	_	_	_
5-10	_	for	_	_	_	_
5-11	_	Good	_	_	_	_
5-12	_	critical	_	_	_	_
5-13	_	of	_	_	_	_
5-14	_	Scientology	abstract[49]	new[49]	coref	7-9[49_50]
5-15	_	,	_	_	_	_
5-16	_	written	_	_	_	_
5-17	_	by	_	_	_	_
5-18	_	Marc	_	_	_	_
5-19	_	Headley	_	_	_	_
5-20	_	.	_	_	_	_

#Text=Image : Mark Rathbun .
6-1	_	Image	_	_	_	_
6-2	_	:	_	_	_	_
6-3	_	Mark	abstract[75]	new[75]	coref	12-27[75_76]
6-4	_	Rathbun	abstract[75]	new[75]	_	_
6-5	_	.	_	_	_	_

#Text=Daniel Montalvo , 19 , a member of Scientology all his life , was arrested after leaving its elite group the Sea Org .
7-1	_	Daniel	abstract[6]	new[6]	coref	8-1[6_7]
7-2	_	Montalvo	abstract[6]	new[6]	_	_
7-3	_	,	abstract[6]	new[6]	_	_
7-4	_	19	abstract[6]	new[6]	_	_
7-5	_	,	abstract[6]	new[6]	_	_
7-6	_	a	abstract[6]	new[6]	_	_
7-7	_	member	abstract[6]	new[6]	_	_
7-8	_	of	abstract[6]	new[6]	_	_
7-9	_	Scientology	abstract[6]|abstract[50]	new[6]|new[50]	coref	7-18[50_51]
7-10	_	all	abstract[6]	new[6]	_	_
7-11	_	his	abstract[6]	new[6]	_	_
7-12	_	life	abstract[6]	new[6]	_	_
7-13	_	,	_	_	_	_
7-14	_	was	_	_	_	_
7-15	_	arrested	_	_	_	_
7-16	_	after	_	_	_	_
7-17	_	leaving	_	_	_	_
7-18	_	its	abstract[51]|abstract[68]	new[51]|new[68]	coref|coref	9-13[51_52]|9-18[68_69]
7-19	_	elite	abstract[68]	new[68]	_	_
7-20	_	group	abstract[68]	new[68]	_	_
7-21	_	the	abstract[68]	new[68]	_	_
7-22	_	Sea	abstract[68]	new[68]	_	_
7-23	_	Org	abstract[68]	new[68]	_	_
7-24	_	.	_	_	_	_

#Text=He was released on US$ 20,000 bail on Thursday .
8-1	_	He	abstract[7]	new[7]	coref	9-1[7_8]
8-2	_	was	_	_	_	_
8-3	_	released	_	_	_	_
8-4	_	on	_	_	_	_
8-5	_	US$	_	_	_	_
8-6	_	20,000	_	_	_	_
8-7	_	bail	_	_	_	_
8-8	_	on	_	_	_	_
8-9	_	Thursday	_	_	_	_
8-10	_	.	_	_	_	_

#Text=Montalvo was charged with taking hard drives and a zip drive from the Scientology organization after leaving the Sea Org group .
9-1	_	Montalvo	abstract[8]	new[8]	coref	12-1[8_9]
9-2	_	was	_	_	_	_
9-3	_	charged	_	_	_	_
9-4	_	with	_	_	_	_
9-5	_	taking	_	_	_	_
9-6	_	hard	_	_	_	_
9-7	_	drives	_	_	_	_
9-8	_	and	_	_	_	_
9-9	_	a	_	_	_	_
9-10	_	zip	_	_	_	_
9-11	_	drive	_	_	_	_
9-12	_	from	_	_	_	_
9-13	_	the	abstract[52]	new[52]	coref	12-8[52_53]
9-14	_	Scientology	abstract[52]	new[52]	_	_
9-15	_	organization	abstract[52]	new[52]	_	_
9-16	_	after	_	_	_	_
9-17	_	leaving	_	_	_	_
9-18	_	the	abstract[69]	new[69]	coref	10-1[69_70]
9-19	_	Sea	abstract[69]	new[69]	_	_
9-20	_	Org	abstract[69]	new[69]	_	_
9-21	_	group	abstract[69]	new[69]	_	_
9-22	_	.	_	_	_	_

#Text=The Sea Org requires members to sign a billion - year - contract , agreeing to work for the organization founded by science fiction writer L. Ron Hubbard for multiple lifetimes .
10-1	_	The	abstract[70]	new[70]	_	_
10-2	_	Sea	abstract[70]	new[70]	_	_
10-3	_	Org	abstract[70]	new[70]	_	_
10-4	_	requires	_	_	_	_
10-5	_	members	_	_	_	_
10-6	_	to	_	_	_	_
10-7	_	sign	_	_	_	_
10-8	_	a	_	_	_	_
10-9	_	billion	_	_	_	_
10-10	_	-	_	_	_	_
10-11	_	year	_	_	_	_
10-12	_	-	_	_	_	_
10-13	_	contract	_	_	_	_
10-14	_	,	_	_	_	_
10-15	_	agreeing	_	_	_	_
10-16	_	to	_	_	_	_
10-17	_	work	_	_	_	_
10-18	_	for	_	_	_	_
10-19	_	the	abstract[71]	new[71]	coref	11-3[71_72]
10-20	_	organization	abstract[71]	new[71]	_	_
10-21	_	founded	abstract[71]	new[71]	_	_
10-22	_	by	abstract[71]	new[71]	_	_
10-23	_	science	abstract[71]	new[71]	_	_
10-24	_	fiction	abstract[71]	new[71]	_	_
10-25	_	writer	abstract[71]	new[71]	_	_
10-26	_	L.	abstract[71]	new[71]	_	_
10-27	_	Ron	abstract[71]	new[71]	_	_
10-28	_	Hubbard	abstract[71]	new[71]	_	_
10-29	_	for	abstract[71]	new[71]	_	_
10-30	_	multiple	abstract[71]	new[71]	_	_
10-31	_	lifetimes	abstract[71]	new[71]	_	_
10-32	_	.	_	_	_	_

#Text=Members of the Sea Org live a strict lifestyle – with little income , small diet provided and significant time invested in work per day .
11-1	_	Members	_	_	_	_
11-2	_	of	_	_	_	_
11-3	_	the	abstract[72]	new[72]	coref	17-22[72_73]
11-4	_	Sea	abstract[72]	new[72]	_	_
11-5	_	Org	abstract[72]	new[72]	_	_
11-6	_	live	_	_	_	_
11-7	_	a	_	_	_	_
11-8	_	strict	_	_	_	_
11-9	_	lifestyle	_	_	_	_
11-10	_	–	_	_	_	_
11-11	_	with	_	_	_	_
11-12	_	little	_	_	_	_
11-13	_	income	_	_	_	_
11-14	_	,	_	_	_	_
11-15	_	small	_	_	_	_
11-16	_	diet	_	_	_	_
11-17	_	provided	_	_	_	_
11-18	_	and	_	_	_	_
11-19	_	significant	_	_	_	_
11-20	_	time	_	_	_	_
11-21	_	invested	_	_	_	_
11-22	_	in	_	_	_	_
11-23	_	work	_	_	_	_
11-24	_	per	_	_	_	_
11-25	_	day	_	_	_	_
11-26	_	.	_	_	_	_

#Text=Montalvo had read an article in the Scientology propaganda publication Freedom Magazine , which attacked high - ranking defectors from the organization including Tom Devocht and Mark Rathbun .
12-1	_	Montalvo	abstract[9]	new[9]	coref	13-1[9_10]
12-2	_	had	_	_	_	_
12-3	_	read	_	_	_	_
12-4	_	an	_	_	_	_
12-5	_	article	_	_	_	_
12-6	_	in	_	_	_	_
12-7	_	the	abstract[91]	new[91]	coref	13-20[91_92]
12-8	_	Scientology	abstract[53]|abstract[91]	new[53]|new[91]	coref	12-21[53_54]
12-9	_	propaganda	abstract[91]	new[91]	_	_
12-10	_	publication	abstract[91]	new[91]	_	_
12-11	_	Freedom	abstract[91]	new[91]	_	_
12-12	_	Magazine	abstract[91]	new[91]	_	_
12-13	_	,	_	_	_	_
12-14	_	which	_	_	_	_
12-15	_	attacked	_	_	_	_
12-16	_	high	_	_	_	_
12-17	_	-	_	_	_	_
12-18	_	ranking	_	_	_	_
12-19	_	defectors	_	_	_	_
12-20	_	from	_	_	_	_
12-21	_	the	abstract[54]	new[54]	coref	14-10[54_55]
12-22	_	organization	abstract[54]	new[54]	_	_
12-23	_	including	_	_	_	_
12-24	_	Tom	abstract[87]	new[87]	coref	13-4[87_88]
12-25	_	Devocht	abstract[87]	new[87]	_	_
12-26	_	and	_	_	_	_
12-27	_	Mark	abstract[76]	new[76]	coref	14-22[76_77]
12-28	_	Rathbun	abstract[76]	new[76]	_	_
12-29	_	.	_	_	_	_

#Text=Montalvo had known Devocht personally , and came to the conclusion that the claims made about him in the Freedom article were lies .
13-1	_	Montalvo	abstract[10]	new[10]	coref	14-1[10_11]
13-2	_	had	_	_	_	_
13-3	_	known	_	_	_	_
13-4	_	Devocht	abstract[88]	new[88]	coref	15-19[88_89]
13-5	_	personally	_	_	_	_
13-6	_	,	_	_	_	_
13-7	_	and	_	_	_	_
13-8	_	came	_	_	_	_
13-9	_	to	_	_	_	_
13-10	_	the	_	_	_	_
13-11	_	conclusion	_	_	_	_
13-12	_	that	_	_	_	_
13-13	_	the	_	_	_	_
13-14	_	claims	_	_	_	_
13-15	_	made	_	_	_	_
13-16	_	about	_	_	_	_
13-17	_	him	_	_	_	_
13-18	_	in	_	_	_	_
13-19	_	the	_	_	_	_
13-20	_	Freedom	abstract[92]	new[92]	_	_
13-21	_	article	_	_	_	_
13-22	_	were	_	_	_	_
13-23	_	lies	_	_	_	_
13-24	_	.	_	_	_	_

#Text=Montalvo was subsequently motivated to seek out information about Scientology on the Internet , and came upon a blog written by Rathbun .
14-1	_	Montalvo	abstract[11]	new[11]	coref	15-1[11_12]
14-2	_	was	_	_	_	_
14-3	_	subsequently	_	_	_	_
14-4	_	motivated	_	_	_	_
14-5	_	to	_	_	_	_
14-6	_	seek	_	_	_	_
14-7	_	out	_	_	_	_
14-8	_	information	_	_	_	_
14-9	_	about	_	_	_	_
14-10	_	Scientology	abstract[55]	new[55]	coref	15-6[55_56]
14-11	_	on	_	_	_	_
14-12	_	the	_	_	_	_
14-13	_	Internet	_	_	_	_
14-14	_	,	_	_	_	_
14-15	_	and	_	_	_	_
14-16	_	came	_	_	_	_
14-17	_	upon	_	_	_	_
14-18	_	a	abstract[129]	new[129]	coref	35-9[129_130]
14-19	_	blog	abstract[129]	new[129]	_	_
14-20	_	written	abstract[129]	new[129]	_	_
14-21	_	by	abstract[129]	new[129]	_	_
14-22	_	Rathbun	abstract[77]|abstract[129]	new[77]|new[129]	coref	17-3[77_78]
14-23	_	.	_	_	_	_

#Text=Montalvo contacted former members of Scientology , who helped him leave the organization and get in touch with Devocht .
15-1	_	Montalvo	abstract[12]	new[12]	coref	15-10[12_13]
15-2	_	contacted	_	_	_	_
15-3	_	former	_	_	_	_
15-4	_	members	_	_	_	_
15-5	_	of	_	_	_	_
15-6	_	Scientology	abstract[56]	new[56]	coref	15-12[56_57]
15-7	_	,	_	_	_	_
15-8	_	who	_	_	_	_
15-9	_	helped	_	_	_	_
15-10	_	him	abstract[13]	new[13]	coref	16-1[13_14]
15-11	_	leave	_	_	_	_
15-12	_	the	abstract[57]	new[57]	coref	17-5[57_58]
15-13	_	organization	abstract[57]	new[57]	_	_
15-14	_	and	_	_	_	_
15-15	_	get	_	_	_	_
15-16	_	in	_	_	_	_
15-17	_	touch	_	_	_	_
15-18	_	with	_	_	_	_
15-19	_	Devocht	abstract[89]	new[89]	coref	16-14[89_90]
15-20	_	.	_	_	_	_

#Text=He traveled to Florida to meet with Devocht , who had told Montalvo he would assist him with future employment and housing .
16-1	_	He	abstract[14]	new[14]	coref	16-13[14_15]
16-2	_	traveled	_	_	_	_
16-3	_	to	_	_	_	_
16-4	_	Florida	abstract[124]	new[124]	coref	32-13[124_125]
16-5	_	to	_	_	_	_
16-6	_	meet	_	_	_	_
16-7	_	with	_	_	_	_
16-8	_	Devocht	_	_	_	_
16-9	_	,	_	_	_	_
16-10	_	who	_	_	_	_
16-11	_	had	_	_	_	_
16-12	_	told	_	_	_	_
16-13	_	Montalvo	abstract[15]	new[15]	coref	16-17[15_16]
16-14	_	he	abstract[90]	new[90]	_	_
16-15	_	would	_	_	_	_
16-16	_	assist	_	_	_	_
16-17	_	him	abstract[16]	new[16]	coref	17-17[16_17]
16-18	_	with	_	_	_	_
16-19	_	future	_	_	_	_
16-20	_	employment	_	_	_	_
16-21	_	and	_	_	_	_
16-22	_	housing	_	_	_	_
16-23	_	.	_	_	_	_

#Text=According to Rathbun the Scientology property in question was returned by mail to the organization by Montalvo shortly after he left the Sea Org .
17-1	_	According	_	_	_	_
17-2	_	to	_	_	_	_
17-3	_	Rathbun	abstract[78]	new[78]	coref	20-1[78_79]
17-4	_	the	abstract[95]	new[95]	coref	18-9[95_96]
17-5	_	Scientology	abstract[58]|abstract[95]	new[58]|new[95]	coref	17-14[58_59]
17-6	_	property	abstract[95]	new[95]	_	_
17-7	_	in	abstract[95]	new[95]	_	_
17-8	_	question	abstract[95]	new[95]	_	_
17-9	_	was	_	_	_	_
17-10	_	returned	_	_	_	_
17-11	_	by	_	_	_	_
17-12	_	mail	_	_	_	_
17-13	_	to	_	_	_	_
17-14	_	the	abstract[59]	new[59]	coref	18-1[59_60]
17-15	_	organization	abstract[59]	new[59]	_	_
17-16	_	by	_	_	_	_
17-17	_	Montalvo	abstract[17]	new[17]	coref	17-20[17_18]
17-18	_	shortly	_	_	_	_
17-19	_	after	_	_	_	_
17-20	_	he	abstract[18]	new[18]	coref	19-13[18_19]
17-21	_	left	_	_	_	_
17-22	_	the	abstract[73]	new[73]	coref	31-22[73_74]
17-23	_	Sea	abstract[73]	new[73]	_	_
17-24	_	Org	abstract[73]	new[73]	_	_
17-25	_	.	_	_	_	_

#Text=Scientology officials have stated they have not received the materials .
18-1	_	Scientology	abstract[60]|abstract[93]	new[60]|new[93]	coref|coref	19-3[60_61]|18-5[93_94]
18-2	_	officials	abstract[93]	new[93]	_	_
18-3	_	have	_	_	_	_
18-4	_	stated	_	_	_	_
18-5	_	they	abstract[94]	new[94]	_	_
18-6	_	have	_	_	_	_
18-7	_	not	_	_	_	_
18-8	_	received	_	_	_	_
18-9	_	the	abstract[96]	new[96]	_	_
18-10	_	materials	abstract[96]	new[96]	_	_
18-11	_	.	_	_	_	_

#Text=After calling the Scientology organization by phone to attempt to speak with his mother , Montalvo was instead put through to a Scientology attorney , Kendrick Moxon .
19-1	_	After	_	_	_	_
19-2	_	calling	_	_	_	_
19-3	_	the	abstract[61]	new[61]	coref	19-23[61_62]
19-4	_	Scientology	abstract[61]	new[61]	_	_
19-5	_	organization	abstract[61]	new[61]	_	_
19-6	_	by	_	_	_	_
19-7	_	phone	_	_	_	_
19-8	_	to	_	_	_	_
19-9	_	attempt	_	_	_	_
19-10	_	to	_	_	_	_
19-11	_	speak	_	_	_	_
19-12	_	with	_	_	_	_
19-13	_	his	abstract[19]	new[19]	coref	19-16[19_20]
19-14	_	mother	_	_	_	_
19-15	_	,	_	_	_	_
19-16	_	Montalvo	abstract[20]	new[20]	coref	21-7[20_21]
19-17	_	was	_	_	_	_
19-18	_	instead	_	_	_	_
19-19	_	put	_	_	_	_
19-20	_	through	_	_	_	_
19-21	_	to	_	_	_	_
19-22	_	a	abstract[97]	new[97]	coref	21-2[97_98]
19-23	_	Scientology	abstract[62]|abstract[97]	new[62]|new[97]	coref	22-7[62_63]
19-24	_	attorney	abstract[97]	new[97]	_	_
19-25	_	,	abstract[97]	new[97]	_	_
19-26	_	Kendrick	abstract[97]	new[97]	_	_
19-27	_	Moxon	abstract[97]	new[97]	_	_
19-28	_	.	_	_	_	_

#Text=Rathbun wrote , " News of police response to a boy 's digital clock in Texas last week has inspired a global social movement in support of the youth .
20-1	_	Rathbun	abstract[79]	new[79]	coref	23-3[79_80]
20-2	_	wrote	_	_	_	_
20-3	_	,	_	_	_	_
20-4	_	"	_	_	_	_
20-5	_	News	_	_	_	_
20-6	_	of	_	_	_	_
20-7	_	police	_	_	_	_
20-8	_	response	_	_	_	_
20-9	_	to	_	_	_	_
20-10	_	a	_	_	_	_
20-11	_	boy	_	_	_	_
20-12	_	's	_	_	_	_
20-13	_	digital	_	_	_	_
20-14	_	clock	_	_	_	_
20-15	_	in	_	_	_	_
20-16	_	Texas	_	_	_	_
20-17	_	last	_	_	_	_
20-18	_	week	_	_	_	_
20-19	_	has	_	_	_	_
20-20	_	inspired	_	_	_	_
20-21	_	a	_	_	_	_
20-22	_	global	_	_	_	_
20-23	_	social	_	_	_	_
20-24	_	movement	_	_	_	_
20-25	_	in	_	_	_	_
20-26	_	support	_	_	_	_
20-27	_	of	_	_	_	_
20-28	_	the	_	_	_	_
20-29	_	youth	_	_	_	_
20-30	_	.	_	_	_	_

#Text=Moxon proceeded to lie to Daniel that the hard drives were never returned , and made a convincing case ( not difficult to do with a 19 year old who does not even know the three branches of government ) that Daniel would be put behind iron bars for a good long time , UNLESS of course , he returned and cooperated with Moxon and routed out properly . "
21-1	_	Moxon	abstract[98]	new[98]	coref	21-65[98_99]
21-2	_	proceeded	_	_	_	_
21-3	_	to	_	_	_	_
21-4	_	lie	_	_	_	_
21-5	_	to	_	_	_	_
21-6	_	Daniel	abstract[21]	new[21]	coref	21-27[21_22]
21-7	_	that	_	_	_	_
21-8	_	the	_	_	_	_
21-9	_	hard	_	_	_	_
21-10	_	drives	_	_	_	_
21-11	_	were	_	_	_	_
21-12	_	never	_	_	_	_
21-13	_	returned	_	_	_	_
21-14	_	,	_	_	_	_
21-15	_	and	_	_	_	_
21-16	_	made	_	_	_	_
21-17	_	a	_	_	_	_
21-18	_	convincing	_	_	_	_
21-19	_	case	_	_	_	_
21-20	_	(	_	_	_	_
21-21	_	not	_	_	_	_
21-22	_	difficult	_	_	_	_
21-23	_	to	_	_	_	_
21-24	_	do	_	_	_	_
21-25	_	with	_	_	_	_
21-26	_	a	abstract[22]	new[22]	coref	21-43[22_23]
21-27	_	19	abstract[22]	new[22]	_	_
21-28	_	year	abstract[22]	new[22]	_	_
21-29	_	old	abstract[22]	new[22]	_	_
21-30	_	who	abstract[22]	new[22]	_	_
21-31	_	does	abstract[22]	new[22]	_	_
21-32	_	not	abstract[22]	new[22]	_	_
21-33	_	even	abstract[22]	new[22]	_	_
21-34	_	know	abstract[22]	new[22]	_	_
21-35	_	the	abstract[22]	new[22]	_	_
21-36	_	three	abstract[22]	new[22]	_	_
21-37	_	branches	abstract[22]	new[22]	_	_
21-38	_	of	abstract[22]	new[22]	_	_
21-39	_	government	abstract[22]	new[22]	_	_
21-40	_	)	_	_	_	_
21-41	_	that	_	_	_	_
21-42	_	Daniel	abstract[23]	new[23]	coref	21-60[23_24]
21-43	_	would	_	_	_	_
21-44	_	be	_	_	_	_
21-45	_	put	_	_	_	_
21-46	_	behind	_	_	_	_
21-47	_	iron	_	_	_	_
21-48	_	bars	_	_	_	_
21-49	_	for	_	_	_	_
21-50	_	a	_	_	_	_
21-51	_	good	_	_	_	_
21-52	_	long	_	_	_	_
21-53	_	time	_	_	_	_
21-54	_	,	_	_	_	_
21-55	_	UNLESS	_	_	_	_
21-56	_	of	_	_	_	_
21-57	_	course	_	_	_	_
21-58	_	,	_	_	_	_
21-59	_	he	abstract[24]	new[24]	coref	23-25[24_25]
21-60	_	returned	_	_	_	_
21-61	_	and	_	_	_	_
21-62	_	cooperated	_	_	_	_
21-63	_	with	_	_	_	_
21-64	_	Moxon	abstract[99]	new[99]	_	_
21-65	_	and	_	_	_	_
21-66	_	routed	_	_	_	_
21-67	_	out	_	_	_	_
21-68	_	properly	_	_	_	_
21-69	_	.	_	_	_	_
21-70	_	"	_	_	_	_

#Text=To " route out " in Scientology jargon refers to the member who wishes to leave proceeding through a set of interrogative exit interviews while attached to the Scientology device called the E-meter .
22-1	_	To	_	_	_	_
22-2	_	"	_	_	_	_
22-3	_	route	_	_	_	_
22-4	_	out	_	_	_	_
22-5	_	"	_	_	_	_
22-6	_	in	_	_	_	_
22-7	_	Scientology	abstract[63]	new[63]	coref	22-29[63_64]
22-8	_	jargon	_	_	_	_
22-9	_	refers	_	_	_	_
22-10	_	to	_	_	_	_
22-11	_	the	_	_	_	_
22-12	_	member	_	_	_	_
22-13	_	who	_	_	_	_
22-14	_	wishes	_	_	_	_
22-15	_	to	_	_	_	_
22-16	_	leave	_	_	_	_
22-17	_	proceeding	_	_	_	_
22-18	_	through	_	_	_	_
22-19	_	a	_	_	_	_
22-20	_	set	_	_	_	_
22-21	_	of	_	_	_	_
22-22	_	interrogative	_	_	_	_
22-23	_	exit	_	_	_	_
22-24	_	interviews	_	_	_	_
22-25	_	while	_	_	_	_
22-26	_	attached	_	_	_	_
22-27	_	to	_	_	_	_
22-28	_	the	_	_	_	_
22-29	_	Scientology	abstract[64]	new[64]	coref	23-19[64_65]
22-30	_	device	_	_	_	_
22-31	_	called	_	_	_	_
22-32	_	the	_	_	_	_
22-33	_	E-meter	_	_	_	_
22-34	_	.	_	_	_	_

#Text=According to Rathbun , a detective for the Los Angeles Sheriff 's office was provided with material from Scientology to build a case against Montalvo .
23-1	_	According	_	_	_	_
23-2	_	to	_	_	_	_
23-3	_	Rathbun	abstract[80]	new[80]	coref	24-1[80_81]
23-4	_	,	_	_	_	_
23-5	_	a	_	_	_	_
23-6	_	detective	_	_	_	_
23-7	_	for	_	_	_	_
23-8	_	the	_	_	_	_
23-9	_	Los	abstract[107]	new[107]	coref	29-8[107_108]
23-10	_	Angeles	abstract[107]	new[107]	_	_
23-11	_	Sheriff	_	_	_	_
23-12	_	's	_	_	_	_
23-13	_	office	_	_	_	_
23-14	_	was	_	_	_	_
23-15	_	provided	_	_	_	_
23-16	_	with	_	_	_	_
23-17	_	material	_	_	_	_
23-18	_	from	_	_	_	_
23-19	_	Scientology	abstract[65]	new[65]	_	_
23-20	_	to	_	_	_	_
23-21	_	build	_	_	_	_
23-22	_	a	abstract[111]	new[111]	coref	29-20[111_112]
23-23	_	case	abstract[111]	new[111]	_	_
23-24	_	against	abstract[111]	new[111]	_	_
23-25	_	Montalvo	abstract[25]|abstract[111]	new[25]|new[111]	coref	25-2[25_26]
23-26	_	.	_	_	_	_

#Text=Rathbun stated ,
24-1	_	Rathbun	abstract[81]	new[81]	coref	28-1[81_82]
24-2	_	stated	_	_	_	_
24-3	_	,	_	_	_	_

#Text=" Daniel was picked up by an investigator in a black car with blacked out windows .
25-1	_	"	_	_	_	_
25-2	_	Daniel	abstract[26]	new[26]	coref	26-10[26_27]
25-3	_	was	_	_	_	_
25-4	_	picked	_	_	_	_
25-5	_	up	_	_	_	_
25-6	_	by	_	_	_	_
25-7	_	an	_	_	_	_
25-8	_	investigator	_	_	_	_
25-9	_	in	_	_	_	_
25-10	_	a	_	_	_	_
25-11	_	black	_	_	_	_
25-12	_	car	_	_	_	_
25-13	_	with	_	_	_	_
25-14	_	blacked	_	_	_	_
25-15	_	out	_	_	_	_
25-16	_	windows	_	_	_	_
25-17	_	.	_	_	_	_

#Text=Instead of being taken to a hotel , where he could route out as promised , he was taken to the Century City Towers .
26-1	_	Instead	_	_	_	_
26-2	_	of	_	_	_	_
26-3	_	being	_	_	_	_
26-4	_	taken	_	_	_	_
26-5	_	to	_	_	_	_
26-6	_	a	_	_	_	_
26-7	_	hotel	_	_	_	_
26-8	_	,	_	_	_	_
26-9	_	where	_	_	_	_
26-10	_	he	abstract[27]	new[27]	coref	26-17[27_28]
26-11	_	could	_	_	_	_
26-12	_	route	_	_	_	_
26-13	_	out	_	_	_	_
26-14	_	as	_	_	_	_
26-15	_	promised	_	_	_	_
26-16	_	,	_	_	_	_
26-17	_	he	abstract[28]	new[28]	coref	27-1[28_29]
26-18	_	was	_	_	_	_
26-19	_	taken	_	_	_	_
26-20	_	to	_	_	_	_
26-21	_	the	_	_	_	_
26-22	_	Century	_	_	_	_
26-23	_	City	_	_	_	_
26-24	_	Towers	_	_	_	_
26-25	_	.	_	_	_	_

#Text=He was deposited in an office on the 33rd floor where a pricy church lawyer interrogated him for two hours . "
27-1	_	He	abstract[29]	new[29]	coref	27-17[29_30]
27-2	_	was	_	_	_	_
27-3	_	deposited	_	_	_	_
27-4	_	in	_	_	_	_
27-5	_	an	_	_	_	_
27-6	_	office	_	_	_	_
27-7	_	on	_	_	_	_
27-8	_	the	_	_	_	_
27-9	_	33rd	_	_	_	_
27-10	_	floor	_	_	_	_
27-11	_	where	_	_	_	_
27-12	_	a	_	_	_	_
27-13	_	pricy	_	_	_	_
27-14	_	church	_	_	_	_
27-15	_	lawyer	_	_	_	_
27-16	_	interrogated	_	_	_	_
27-17	_	him	abstract[30]	new[30]	coref	28-37[30_31]
27-18	_	for	_	_	_	_
27-19	_	two	_	_	_	_
27-20	_	hours	_	_	_	_
27-21	_	.	_	_	_	_
27-22	_	"	_	_	_	_

#Text=Rathbun asserted that Scientology officials , " ... plied the Sheriff 's detective with a grand conspiracy theory , characterizing me as the ' anti-christ ' of the church of Scientology . ... The next thing Daniel knows he 's in a cell where he sat for the next 30 hours . "
28-1	_	Rathbun	abstract[82]	new[82]	coref	28-21[82_83]
28-2	_	asserted	_	_	_	_
28-3	_	that	_	_	_	_
28-4	_	Scientology	abstract[100]	new[100]	coref	28-28[100_101]
28-5	_	officials	_	_	_	_
28-6	_	,	_	_	_	_
28-7	_	"	_	_	_	_
28-8	_	...	_	_	_	_
28-9	_	plied	_	_	_	_
28-10	_	the	abstract[105]	new[105]	coref	29-7[105_106]
28-11	_	Sheriff	abstract[105]	new[105]	_	_
28-12	_	's	abstract[105]	new[105]	_	_
28-13	_	detective	_	_	_	_
28-14	_	with	_	_	_	_
28-15	_	a	_	_	_	_
28-16	_	grand	_	_	_	_
28-17	_	conspiracy	_	_	_	_
28-18	_	theory	_	_	_	_
28-19	_	,	_	_	_	_
28-20	_	characterizing	_	_	_	_
28-21	_	me	abstract[83]	new[83]	coref	35-1[83_84]
28-22	_	as	_	_	_	_
28-23	_	the	_	_	_	_
28-24	_	'	_	_	_	_
28-25	_	anti-christ	_	_	_	_
28-26	_	'	_	_	_	_
28-27	_	of	_	_	_	_
28-28	_	the	abstract[101]	new[101]	coref	30-5[101_102]
28-29	_	church	abstract[101]	new[101]	_	_
28-30	_	of	abstract[101]	new[101]	_	_
28-31	_	Scientology	abstract[101]	new[101]	_	_
28-32	_	.	_	_	_	_
28-33	_	...	_	_	_	_
28-34	_	The	_	_	_	_
28-35	_	next	_	_	_	_
28-36	_	thing	_	_	_	_
28-37	_	Daniel	abstract[31]	new[31]	coref	28-39[31_32]
28-38	_	knows	_	_	_	_
28-39	_	he	abstract[32]	new[32]	coref	28-45[32_33]
28-40	_	's	_	_	_	_
28-41	_	in	_	_	_	_
28-42	_	a	_	_	_	_
28-43	_	cell	_	_	_	_
28-44	_	where	_	_	_	_
28-45	_	he	abstract[33]	new[33]	coref	29-23[33_34]
28-46	_	sat	_	_	_	_
28-47	_	for	_	_	_	_
28-48	_	the	_	_	_	_
28-49	_	next	_	_	_	_
28-50	_	30	_	_	_	_
28-51	_	hours	_	_	_	_
28-52	_	.	_	_	_	_
28-53	_	"	_	_	_	_

#Text=Steve Whitmore , a representative for the LA Sheriff 's office , told LA Weekly in a statement that the case involving Montalvo was being dealt with as charges relating to grand theft .
29-1	_	Steve	abstract[113]	new[113]	coref	30-1[113_114]
29-2	_	Whitmore	abstract[113]	new[113]	_	_
29-3	_	,	abstract[113]	new[113]	_	_
29-4	_	a	abstract[113]	new[113]	_	_
29-5	_	representative	abstract[113]	new[113]	_	_
29-6	_	for	abstract[113]	new[113]	_	_
29-7	_	the	abstract[106]|abstract[113]	new[106]|new[113]	_	_
29-8	_	LA	abstract[106]|abstract[108]|abstract[113]	new[106]|new[108]|new[113]	coref	29-14[108_109]
29-9	_	Sheriff	abstract[106]|abstract[113]	new[106]|new[113]	_	_
29-10	_	's	abstract[106]|abstract[113]	new[106]|new[113]	_	_
29-11	_	office	abstract[113]	new[113]	_	_
29-12	_	,	_	_	_	_
29-13	_	told	_	_	_	_
29-14	_	LA	abstract[109]|abstract[121]	new[109]|new[121]	coref|coref	30-10[109_110]|32-3[121_122]
29-15	_	Weekly	abstract[121]	new[121]	_	_
29-16	_	in	_	_	_	_
29-17	_	a	_	_	_	_
29-18	_	statement	_	_	_	_
29-19	_	that	_	_	_	_
29-20	_	the	abstract[112]	new[112]	_	_
29-21	_	case	abstract[112]	new[112]	_	_
29-22	_	involving	abstract[112]	new[112]	_	_
29-23	_	Montalvo	abstract[34]|abstract[112]	new[34]|new[112]	coref	30-3[34_35]
29-24	_	was	_	_	_	_
29-25	_	being	_	_	_	_
29-26	_	dealt	_	_	_	_
29-27	_	with	_	_	_	_
29-28	_	as	_	_	_	_
29-29	_	charges	_	_	_	_
29-30	_	relating	_	_	_	_
29-31	_	to	_	_	_	_
29-32	_	grand	_	_	_	_
29-33	_	theft	_	_	_	_
29-34	_	.	_	_	_	_

#Text=Whitmore stated Montalvo left Scientology - related employment in Los Angeles on September 24 .
30-1	_	Whitmore	abstract[114]	new[114]	coref	32-1[114_115]
30-2	_	stated	_	_	_	_
30-3	_	Montalvo	abstract[35]	new[35]	coref	31-19[35_36]
30-4	_	left	_	_	_	_
30-5	_	Scientology	abstract[102]	new[102]	coref	31-5[102_103]
30-6	_	-	_	_	_	_
30-7	_	related	_	_	_	_
30-8	_	employment	_	_	_	_
30-9	_	in	_	_	_	_
30-10	_	Los	abstract[110]	new[110]	_	_
30-11	_	Angeles	abstract[110]	new[110]	_	_
30-12	_	on	_	_	_	_
30-13	_	September	abstract[117]	new[117]	coref	31-2[117_118]
30-14	_	24	_	_	_	_
30-15	_	.	_	_	_	_

#Text=On September 29 , Scientology officials went to the East Los Angeles sheriff 's station where they claimed Montalvo allegedly left the organization with computer hard drives .
31-1	_	On	_	_	_	_
31-2	_	September	abstract[118]	new[118]	_	_
31-3	_	29	_	_	_	_
31-4	_	,	_	_	_	_
31-5	_	Scientology	abstract[103]|abstract[119]	new[103]|new[119]	coref|coref	34-9[103_104]|31-17[119_120]
31-6	_	officials	abstract[119]	new[119]	_	_
31-7	_	went	_	_	_	_
31-8	_	to	_	_	_	_
31-9	_	the	_	_	_	_
31-10	_	East	_	_	_	_
31-11	_	Los	_	_	_	_
31-12	_	Angeles	_	_	_	_
31-13	_	sheriff	_	_	_	_
31-14	_	's	_	_	_	_
31-15	_	station	_	_	_	_
31-16	_	where	_	_	_	_
31-17	_	they	abstract[120]	new[120]	_	_
31-18	_	claimed	_	_	_	_
31-19	_	Montalvo	abstract[36]	new[36]	coref	32-15[36_37]
31-20	_	allegedly	_	_	_	_
31-21	_	left	_	_	_	_
31-22	_	the	abstract[74]	new[74]	_	_
31-23	_	organization	abstract[74]	new[74]	_	_
31-24	_	with	_	_	_	_
31-25	_	computer	_	_	_	_
31-26	_	hard	_	_	_	_
31-27	_	drives	_	_	_	_
31-28	_	.	_	_	_	_

#Text=Whitmore told LA Weekly that on October 6 after traveling back from Florida , Montalvo " walked into lobby of the East L.A. station and turned himself in " , and told the police , " everything he did " .
32-1	_	Whitmore	abstract[115]	new[115]	coref	33-1[115_116]
32-2	_	told	_	_	_	_
32-3	_	LA	abstract[122]|abstract[126]	new[122]|new[126]	coref|coref	33-4[122_123]|32-23[126_127]
32-4	_	Weekly	abstract[122]	new[122]	_	_
32-5	_	that	_	_	_	_
32-6	_	on	_	_	_	_
32-7	_	October	_	_	_	_
32-8	_	6	_	_	_	_
32-9	_	after	_	_	_	_
32-10	_	traveling	_	_	_	_
32-11	_	back	_	_	_	_
32-12	_	from	_	_	_	_
32-13	_	Florida	abstract[125]	new[125]	_	_
32-14	_	,	_	_	_	_
32-15	_	Montalvo	abstract[37]	new[37]	coref	32-27[37_38]
32-16	_	"	_	_	_	_
32-17	_	walked	_	_	_	_
32-18	_	into	_	_	_	_
32-19	_	lobby	_	_	_	_
32-20	_	of	_	_	_	_
32-21	_	the	_	_	_	_
32-22	_	East	_	_	_	_
32-23	_	L.A.	abstract[127]	new[127]	coref	33-4[127_128]
32-24	_	station	_	_	_	_
32-25	_	and	_	_	_	_
32-26	_	turned	_	_	_	_
32-27	_	himself	abstract[38]	new[38]	coref	32-38[38_39]
32-28	_	in	_	_	_	_
32-29	_	"	_	_	_	_
32-30	_	,	_	_	_	_
32-31	_	and	_	_	_	_
32-32	_	told	_	_	_	_
32-33	_	the	_	_	_	_
32-34	_	police	_	_	_	_
32-35	_	,	_	_	_	_
32-36	_	"	_	_	_	_
32-37	_	everything	_	_	_	_
32-38	_	he	abstract[39]	new[39]	coref	34-1[39_40]
32-39	_	did	_	_	_	_
32-40	_	"	_	_	_	_
32-41	_	.	_	_	_	_

#Text=Whitmore stated to LA Weekly that the alleged crime involved five hard drives each of $ 200 in value .
33-1	_	Whitmore	abstract[116]	new[116]	_	_
33-2	_	stated	_	_	_	_
33-3	_	to	_	_	_	_
33-4	_	LA	abstract[123]|abstract[128]	new[123]|new[128]	_	_
33-5	_	Weekly	abstract[123]	new[123]	_	_
33-6	_	that	_	_	_	_
33-7	_	the	_	_	_	_
33-8	_	alleged	_	_	_	_
33-9	_	crime	_	_	_	_
33-10	_	involved	_	_	_	_
33-11	_	five	_	_	_	_
33-12	_	hard	_	_	_	_
33-13	_	drives	_	_	_	_
33-14	_	each	_	_	_	_
33-15	_	of	_	_	_	_
33-16	_	$	_	_	_	_
33-17	_	200	_	_	_	_
33-18	_	in	_	_	_	_
33-19	_	value	_	_	_	_
33-20	_	.	_	_	_	_

#Text=Montalvo has been assisted by former members of Scientology , including musician Tiziano Lugli and actor Jason Beghe .
34-1	_	Montalvo	abstract[40]	new[40]	coref	35-16[40_41]
34-2	_	has	_	_	_	_
34-3	_	been	_	_	_	_
34-4	_	assisted	_	_	_	_
34-5	_	by	_	_	_	_
34-6	_	former	_	_	_	_
34-7	_	members	_	_	_	_
34-8	_	of	_	_	_	_
34-9	_	Scientology	abstract[104]	new[104]	_	_
34-10	_	,	_	_	_	_
34-11	_	including	_	_	_	_
34-12	_	musician	_	_	_	_
34-13	_	Tiziano	_	_	_	_
34-14	_	Lugli	_	_	_	_
34-15	_	and	_	_	_	_
34-16	_	actor	_	_	_	_
34-17	_	Jason	_	_	_	_
34-18	_	Beghe	_	_	_	_
34-19	_	.	_	_	_	_

#Text=Rathbun requested donations via a statement made on his blog , in order to help Montalvo with his legal defense financing .
35-1	_	Rathbun	abstract[84]	new[84]	coref	35-9[84_85]
35-2	_	requested	_	_	_	_
35-3	_	donations	_	_	_	_
35-4	_	via	_	_	_	_
35-5	_	a	_	_	_	_
35-6	_	statement	_	_	_	_
35-7	_	made	_	_	_	_
35-8	_	on	_	_	_	_
35-9	_	his	abstract[85]|abstract[130]	new[85]|new[130]	coref	36-2[85_86]
35-10	_	blog	abstract[130]	new[130]	_	_
35-11	_	,	_	_	_	_
35-12	_	in	_	_	_	_
35-13	_	order	_	_	_	_
35-14	_	to	_	_	_	_
35-15	_	help	_	_	_	_
35-16	_	Montalvo	abstract[41]	new[41]	coref	35-18[41_42]
35-17	_	with	_	_	_	_
35-18	_	his	abstract[42]	new[42]	coref	36-4[42_43]
35-19	_	legal	_	_	_	_
35-20	_	defense	_	_	_	_
35-21	_	financing	_	_	_	_
35-22	_	.	_	_	_	_

#Text=He described Montalvo as an individual , " facing the penitentiary in thanks for the following sins : a) Leaving a lifehood of slavery to get a taste of freedom and the world . b) Refusing - despite every provocation and incentive and threat - to frame three guys who went out of their ways ( and dipped into their pockets ) to help the kid achieve that freedom . "
36-1	_	He	abstract[86]	new[86]	_	_
36-2	_	described	_	_	_	_
36-3	_	Montalvo	abstract[43]	new[43]	coref	36-66[43_44]
36-4	_	as	_	_	_	_
36-5	_	an	_	_	_	_
36-6	_	individual	_	_	_	_
36-7	_	,	_	_	_	_
36-8	_	"	_	_	_	_
36-9	_	facing	_	_	_	_
36-10	_	the	_	_	_	_
36-11	_	penitentiary	_	_	_	_
36-12	_	in	_	_	_	_
36-13	_	thanks	_	_	_	_
36-14	_	for	_	_	_	_
36-15	_	the	_	_	_	_
36-16	_	following	_	_	_	_
36-17	_	sins	_	_	_	_
36-18	_	:	_	_	_	_
36-19	_	a)	_	_	_	_
36-20	_	Leaving	_	_	_	_
36-21	_	a	_	_	_	_
36-22	_	lifehood	_	_	_	_
36-23	_	of	_	_	_	_
36-24	_	slavery	_	_	_	_
36-25	_	to	_	_	_	_
36-26	_	get	_	_	_	_
36-27	_	a	_	_	_	_
36-28	_	taste	_	_	_	_
36-29	_	of	_	_	_	_
36-30	_	freedom	abstract[131]	new[131]	coref	36-69[131_132]
36-31	_	and	_	_	_	_
36-32	_	the	_	_	_	_
36-33	_	world	_	_	_	_
36-34	_	.	_	_	_	_
36-35	_	b)	_	_	_	_
36-36	_	Refusing	_	_	_	_
36-37	_	-	_	_	_	_
36-38	_	despite	_	_	_	_
36-39	_	every	_	_	_	_
36-40	_	provocation	_	_	_	_
36-41	_	and	_	_	_	_
36-42	_	incentive	_	_	_	_
36-43	_	and	_	_	_	_
36-44	_	threat	_	_	_	_
36-45	_	-	_	_	_	_
36-46	_	to	_	_	_	_
36-47	_	frame	_	_	_	_
36-48	_	three	_	_	_	_
36-49	_	guys	_	_	_	_
36-50	_	who	_	_	_	_
36-51	_	went	_	_	_	_
36-52	_	out	_	_	_	_
36-53	_	of	_	_	_	_
36-54	_	their	_	_	_	_
36-55	_	ways	_	_	_	_
36-56	_	(	_	_	_	_
36-57	_	and	_	_	_	_
36-58	_	dipped	_	_	_	_
36-59	_	into	_	_	_	_
36-60	_	their	_	_	_	_
36-61	_	pockets	_	_	_	_
36-62	_	)	_	_	_	_
36-63	_	to	_	_	_	_
36-64	_	help	_	_	_	_
36-65	_	the	abstract[44]	new[44]	_	_
36-66	_	kid	abstract[44]	new[44]	_	_
36-67	_	achieve	_	_	_	_
36-68	_	that	abstract[132]	new[132]	_	_
36-69	_	freedom	abstract[132]	new[132]	_	_
36-70	_	.	_	_	_	_
36-71	_	"	_	_	_	_

